100
 29822  21391
 22558  69261
 65717  37547
 78441  45815
 29746  13212
 16889  46404
 44763  32476
 33498  13299
 56588  56111
 16772  22682
 63992  24500
 19195  49972
 41353  19801
 86745  66233
  3075  15112
 51677  65776
 61914    535
 31522  26232
 85816  16224
 37199   2448
 64410   4555
 53539  37005
 13432  13672
 69270  48196
 44404  34175
  1045  13152
 57517  19075
 31293  76899
 78353  42618
 49617  87152
 35832  44549
 13508  85700
 26140  81689
 37447  57528
 12159  40581
 13760  15187
  6854  30858
  2737   2280
 61375   9368
 75260  73529
 83834  12720
 45652  29266
 23053  78089
 17734  75372
 10023  76965
 78046  26975
 50790  84496
 58659   9238
 42336  78752
  7777  37978
 82501  47420
 11102  34256
 13678   2917
 78683  54616
 51940  57014
 74003   2212
 21437   3551
 66239   3595
 84175   2643
 68916   8448
 37249  29898
 54053  31348
 12762  45942
 37851  60071
 18750  71700
 24646  67839
  8353  83511
 13525  59820
 75387  30321
 61086  10409
 16094  71665
 85706  23806
 61246   4314
 56440  32041
 19338  63490
 17757  48855
 39696  55530
 83315  60986
 30372  42087
  2118  48767
 17179  86660
  6260  71924
 41032  66908
 17657  49650
  8305  78834
 53914  54406
  7939  78072
 13343  19185
 22111  41201
 34734  35426
 77426   5930
 31678  73677
 17675  52365
 78037  20685
 62670  16816
 67905  17602
  3360  75467
 40780  30572
 64399  51396
 83099  80715
